[[ 1.          0.          0.          1.          0.          0.
   0.          0.          0.          0.          0.          0.
   0.          0.          0.          0.          0.          0.
   0.          0.          0.          0.        ]
 [ 6.09278395  6.19563302  6.48187785  7.08556147  7.70065355  8.11317765
   8.16705587  7.8818194   7.39315397  6.94110224  6.76008246  6.76008246
   6.94110224  7.39315397  7.8818194   8.16705587  8.11317765  7.70065355
   7.08556147  6.48187785  6.19563302  6.09278395]
 [ 6.09278395  6.19563302  6.48187785  7.08556147  7.70065355  8.11317765
   8.16705587  7.8818194   7.39315397  6.94110224  6.76008246  6.76008246
   6.94110224  7.39315397  7.8818194   8.16705587  8.11317765  7.70065355
   7.08556147  6.48187785  6.19563302  6.09278395]
 [ 8.02084277  8.09911677  8.31172818  8.68333598  9.01649607  9.2116978
   9.23613728  9.09799499  8.8460493   8.59876184  8.49572542  8.49572542
   8.59876184  8.8460493   9.09799499  9.23613728  9.2116978   9.01649607
   8.68333598  8.31172818  8.09911677  8.02084277]
 [ 8.02084277  8.09911677  8.31172818  8.68333598  9.01649607  9.2116978
   9.23613728  9.09799499  8.8460493   8.59876184  8.49572542  8.49572542
   8.59876184  8.8460493   9.09799499  9.23613728  9.2116978   9.01649607
   8.68333598  8.31172818  8.09911677  8.02084277]
 [-2.78509671 -2.7981521  -2.84088316 -2.89887352 -2.91713276 -2.86173049
  -2.72951068 -2.54345699 -2.342582   -2.18452683 -2.12445962 -2.12445962
  -2.18452683 -2.342582   -2.54345699 -2.72951068 -2.86173049 -2.91713276
  -2.89887352 -2.84088316 -2.7981521  -2.78509671]
 [-2.78509671 -2.7981521  -2.84088316 -2.89887352 -2.91713276 -2.86173049
  -2.72951068 -2.54345699 -2.342582   -2.18452683 -2.12445962 -2.12445962
  -2.18452683 -2.342582   -2.54345699 -2.72951068 -2.86173049 -2.91713276
  -2.89887352 -2.84088316 -2.7981521  -2.78509671]
 [-1.14935049 -1.21465239 -1.5127406  -1.74019203 -2.01690675 -2.26736077
  -2.45314132 -2.57240431 -2.63317285 -2.65343383 -2.65647574 -2.65647574
  -2.65343383 -2.63317285 -2.57240431 -2.45314132 -2.26736077 -2.01690675
  -1.74019203 -1.5127406  -1.21465239 -1.14935049]
 [-1.14935049 -1.21465239 -1.5127406  -1.74019203 -2.01690675 -2.26736077
  -2.45314132 -2.57240431 -2.63317285 -2.65343383 -2.65647574 -2.65647574
  -2.65343383 -2.63317285 -2.57240431 -2.45314132 -2.26736077 -2.01690675
  -1.74019203 -1.5127406  -1.21465239 -1.14935049]
 [ 6.3986619   6.58592228  7.63025379  8.14155781  8.73432764  9.15707047
   9.34027946  9.34997954  9.26088374  9.15293619  9.10515014  9.10515014
   9.15293619  9.26088374  9.34997954  9.34027946  9.15707047  8.73432764
   8.14155781  7.63025379  6.58592228  6.3986619 ]
 [ 6.3986619   6.58592228  7.63025379  8.14155781  8.73432764  9.15707047
   9.34027946  9.34997954  9.26088374  9.15293619  9.10515014  9.10515014
   9.15293619  9.26088374  9.34997954  9.34027946  9.15707047  8.73432764
   8.14155781  7.63025379  6.58592228  6.3986619 ]
 [ 2.          2.          2.          2.          2.          2.
   2.          2.          2.          2.          2.          2.
   2.          2.          2.          2.          2.          2.
   2.          2.          2.          2.        ]]